$IAG
            IAG        Japan  ChinaSouth    ChinaEast       Latam      Delta      United     American   Lufthansa AirFranceKLM
 [1,] 1.0000000 0.0000000000 0.000000000 0.0000000000 0.000000000 0.00000000 0.000000000 0.0000000000 0.000000000  0.000000000
 [2,] 0.9801896 0.0001238029 0.001219447 0.0000537409 0.001789206 0.01180512 0.001390520 0.0004066306 0.001455673  0.001566273
 [3,] 0.9707581 0.0006849762 0.002612099 0.0001084106 0.001842237 0.01631337 0.001785019 0.0025348449 0.001461409  0.001899549
 [4,] 0.9665811 0.0015398545 0.002598796 0.0001427551 0.001834320 0.01625051 0.002447627 0.0045430984 0.002172353  0.001889590
 [5,] 0.9619579 0.0020282769 0.002672137 0.0015841826 0.002278121 0.01713168 0.002729483 0.0054565248 0.002186780  0.001974930
 [6,] 0.9534840 0.0020336629 0.003398880 0.0016025546 0.002390998 0.01698224 0.002847435 0.0066708345 0.005265183  0.005324190
 [7,] 0.9501271 0.0033367226 0.003437893 0.0017689935 0.002461604 0.01692685 0.003315033 0.0077298859 0.005548854  0.005347074
 [8,] 0.9461191 0.0033250180 0.004230404 0.0020788999 0.004629656 0.01686630 0.003330428 0.0079179883 0.006133052  0.005369183
 [9,] 0.9404936 0.0035087334 0.006789149 0.0020647707 0.004675261 0.01754215 0.003394690 0.0080489571 0.006126911  0.007355736
[10,] 0.9390179 0.0035076982 0.006784527 0.0022023348 0.004688183 0.01775788 0.003747615 0.0086908527 0.006119924  0.007483095
[11,] 0.9384763 0.0035243115 0.006863805 0.0022244434 0.004707089 0.01795066 0.003772545 0.0087734177 0.006224722  0.007482682
[12,] 0.9381488 0.0035372026 0.006927619 0.0022334137 0.004743054 0.01798312 0.003774067 0.0087897079 0.006308493  0.007554537
[13,] 0.9379853 0.0035377860 0.006933347 0.0022902825 0.004781901 0.01798052 0.003773399 0.0088067105 0.006339394  0.007571404
[14,] 0.9368458 0.0035334310 0.008041096 0.0023034891 0.004775852 0.01799665 0.003812332 0.0087999943 0.006330401  0.007560940
[15,] 0.9367983 0.0035334667 0.008044819 0.0023033324 0.004780309 0.01799557 0.003819243 0.0087994214 0.006330102  0.007595427
[16,] 0.9366743 0.0035330922 0.008137448 0.0023031382 0.004787151 0.01799297 0.003819514 0.0088076689 0.006350294  0.007594415
[17,] 0.9365542 0.0035347402 0.008224407 0.0023143929 0.004792581 0.01800104 0.003819429 0.0088079552 0.006357715  0.007593525
[18,] 0.9364181 0.0035352880 0.008227736 0.0023140559 0.004803532 0.01801127 0.003820299 0.0088506391 0.006399602  0.007619490
[19,] 0.9362982 0.0035349075 0.008344237 0.0023193095 0.004803018 0.01800896 0.003820129 0.0088528629 0.006399336  0.007619057
[20,] 0.9362396 0.0035352537 0.008374685 0.0023192126 0.004803544 0.01801268 0.003823327 0.0088537900 0.006413685  0.007624266
[21,] 0.9362140 0.0035356864 0.008378390 0.0023192208 0.004804240 0.01801456 0.003830351 0.0088545121 0.006422955  0.007626086
[22,] 0.9361685 0.0035359897 0.008414785 0.0023201014 0.004804008 0.01801921 0.003831962 0.0088560440 0.006423346  0.007626042
[23,] 0.9361452 0.0035376178 0.008427350 0.0023202294 0.004803885 0.01802438 0.003832082 0.0088602131 0.006423183  0.007625853
[24,] 0.9361372 0.0035385061 0.008427296 0.0023207756 0.004803880 0.01802800 0.003832362 0.0088611492 0.006423409  0.007627400
[25,] 0.9361334 0.0035385958 0.008429743 0.0023209051 0.004804028 0.01802801 0.003833027 0.0088611877 0.006423604  0.007627513
[26,] 0.9361269 0.0035386295 0.008433776 0.0023216104 0.004804193 0.01802786 0.003833026 0.0088611222 0.006423928  0.007628912
[27,] 0.9361261 0.0035386516 0.008433802 0.0023216242 0.004804282 0.01802787 0.003833051 0.0088611141 0.006424604  0.007628934
[28,] 0.9361211 0.0035386318 0.008437484 0.0023216811 0.004804264 0.01802785 0.003833575 0.0088617305 0.006424719  0.007629003
[29,] 0.9361202 0.0035387905 0.008437557 0.0023217329 0.004804279 0.01802784 0.003833727 0.0088620995 0.006424786  0.007628997
[30,] 0.9361194 0.0035388209 0.008437629 0.0023219047 0.004804282 0.01802793 0.003833724 0.0088623728 0.006424924  0.007628991
[31,] 0.9361173 0.0035388524 0.008438393 0.0023219008 0.004804299 0.01802794 0.003833848 0.0088628069 0.006425440  0.007629184
[32,] 0.9361170 0.0035388745 0.008438448 0.0023220082 0.004804301 0.01802812 0.003833856 0.0088628168 0.006425437  0.007629181
[33,] 0.9361163 0.0035388800 0.008439027 0.0023220074 0.004804319 0.01802810 0.003833888 0.0088628144 0.006425530  0.007629180
[34,] 0.9361161 0.0035388953 0.008439028 0.0023220183 0.004804325 0.01802814 0.003833891 0.0088628168 0.006425549  0.007629203
[35,] 0.9361152 0.0035389011 0.008439831 0.0023220462 0.004804325 0.01802815 0.003833973 0.0088628078 0.006425575  0.007629206
[36,] 0.9361151 0.0035389030 0.008439830 0.0023220483 0.004804339 0.01802815 0.003833979 0.0088628089 0.006425606  0.007629208
[37,] 0.9361150 0.0035389250 0.008439929 0.0023220508 0.004804338 0.01802816 0.003833983 0.0088628073 0.006425645  0.007629208
[38,] 0.9361149 0.0035389423 0.008439936 0.0023220553 0.004804338 0.01802816 0.003833995 0.0088628213 0.006425647  0.007629207
[39,] 0.9361148 0.0035389424 0.008440005 0.0023220574 0.004804339 0.01802817 0.003833995 0.0088628252 0.006425652  0.007629207
[40,] 0.9361148 0.0035389436 0.008440019 0.0023220623 0.004804339 0.01802818 0.003834008 0.0088628253 0.006425654  0.007629207
[41,] 0.9361147 0.0035389435 0.008440075 0.0023220626 0.004804339 0.01802819 0.003834008 0.0088628283 0.006425654  0.007629206
[42,] 0.9361147 0.0035389444 0.008440081 0.0023220663 0.004804339 0.01802819 0.003834012 0.0088628292 0.006425655  0.007629206
[43,] 0.9361147 0.0035389456 0.008440084 0.0023220664 0.004804339 0.01802819 0.003834013 0.0088628292 0.006425660  0.007629207
[44,] 0.9361147 0.0035389456 0.008440093 0.0023220687 0.004804339 0.01802819 0.003834016 0.0088628292 0.006425660  0.007629206
[45,] 0.9361146 0.0035389456 0.008440094 0.0023220687 0.004804339 0.01802819 0.003834016 0.0088628292 0.006425662  0.007629207
[46,] 0.9361146 0.0035389458 0.008440096 0.0023220687 0.004804339 0.01802819 0.003834016 0.0088628295 0.006425662  0.007629207
[47,] 0.9361146 0.0035389458 0.008440097 0.0023220687 0.004804339 0.01802819 0.003834016 0.0088628306 0.006425662  0.007629207
[48,] 0.9361146 0.0035389459 0.008440099 0.0023220690 0.004804339 0.01802819 0.003834017 0.0088628306 0.006425662  0.007629207
[49,] 0.9361146 0.0035389459 0.008440101 0.0023220691 0.004804339 0.01802819 0.003834017 0.0088628308 0.006425663  0.007629207
[50,] 0.9361146 0.0035389459 0.008440102 0.0023220691 0.004804339 0.01802819 0.003834017 0.0088628307 0.006425663  0.007629207

$Japan
              IAG     Japan   ChinaSouth    ChinaEast        Latam       Delta       United     American   Lufthansa AirFranceKLM
 [1,] 0.001752217 0.9982478 0.0000000000 0.0000000000 0.0000000000 0.000000000 0.0000000000 0.000000e+00 0.000000000 0.0000000000
 [2,] 0.002696987 0.9896156 0.0001291409 0.0001687736 0.0009321967 0.002710594 0.0002898222 1.121502e-06 0.003256548 0.0001991737
 [3,] 0.004255036 0.9847144 0.0007208332 0.0001914268 0.0012395753 0.003652964 0.0005690053 1.014825e-03 0.003439729 0.0002021589
 [4,] 0.004226050 0.9777375 0.0010580227 0.0033243788 0.0015135011 0.003630845 0.0007381799 3.210777e-03 0.004089070 0.0004717205
 [5,] 0.004397701 0.9706490 0.0037001952 0.0033390512 0.0018409966 0.003717152 0.0028226345 4.392617e-03 0.004059386 0.0010812210
 [6,] 0.004515128 0.9672089 0.0039882382 0.0033487888 0.0027580033 0.004645151 0.0028672026 5.546828e-03 0.004042769 0.0010789693
 [7,] 0.004974882 0.9628030 0.0040887630 0.0048282712 0.0028934987 0.004760841 0.0029549598 6.687002e-03 0.004931437 0.0010773191
 [8,] 0.005304026 0.9589769 0.0042584925 0.0051763849 0.0028890677 0.004776114 0.0033346985 7.562207e-03 0.006162025 0.0015601115
 [9,] 0.005677425 0.9567050 0.0045010428 0.0051647106 0.0029939645 0.005196589 0.0039067709 7.632703e-03 0.006215211 0.0020066237
[10,] 0.005876566 0.9518601 0.0073306011 0.0052346894 0.0029793606 0.005199641 0.0040600051 7.615700e-03 0.006202928 0.0036403908
[11,] 0.005925844 0.9508959 0.0077596588 0.0052484691 0.0029798470 0.005198266 0.0040568051 7.615202e-03 0.006413620 0.0039063425
[12,] 0.005922017 0.9502562 0.0081212475 0.0052452937 0.0029964258 0.005229426 0.0041156246 7.650942e-03 0.006540083 0.0039227667
[13,] 0.005945804 0.9476620 0.0103412569 0.0052363948 0.0030810882 0.005217338 0.0041774171 7.734631e-03 0.006689829 0.0039142475
[14,] 0.005953003 0.9474459 0.0103386226 0.0052402684 0.0031765732 0.005216861 0.0042394253 7.748148e-03 0.006705973 0.0039352361
[15,] 0.005989640 0.9471455 0.0104325880 0.0052492070 0.0031839130 0.005216926 0.0042442072 7.825806e-03 0.006746342 0.0039658523
[16,] 0.005992024 0.9457762 0.0117761515 0.0052658092 0.0031793575 0.005236303 0.0042416239 7.815845e-03 0.006750851 0.0039658793
[17,] 0.006005900 0.9455497 0.0119497023 0.0052699950 0.0031786552 0.005244946 0.0042561744 7.821449e-03 0.006749549 0.0039739483
[18,] 0.006034902 0.9454951 0.0119492898 0.0052754578 0.0031791767 0.005245810 0.0042566475 7.822978e-03 0.006762364 0.0039782988
[19,] 0.006067991 0.9453424 0.0120441738 0.0052748643 0.0031823219 0.005249153 0.0042678081 7.827317e-03 0.006763506 0.0039805109
[20,] 0.006077425 0.9452594 0.0120581791 0.0052884595 0.0031837464 0.005251301 0.0042676145 7.830472e-03 0.006782155 0.0040012139
[21,] 0.006086714 0.9452276 0.0120614738 0.0052960578 0.0031839476 0.005251720 0.0042744425 7.834204e-03 0.006782411 0.0040014087
[22,] 0.006087518 0.9451567 0.0120921995 0.0052966274 0.0031847128 0.005256958 0.0042791808 7.834955e-03 0.006805539 0.0040056007
[23,] 0.006089711 0.9451361 0.0120935241 0.0052980167 0.0031847122 0.005257985 0.0042849608 7.834959e-03 0.006812050 0.0040079635
[24,] 0.006089633 0.9451139 0.0121019681 0.0053002936 0.0031867763 0.005265805 0.0042859731 7.834775e-03 0.006812317 0.0040085407
[25,] 0.006091329 0.9450879 0.0121179405 0.0053001888 0.0031870492 0.005265936 0.0042869575 7.838526e-03 0.006815683 0.0040085273
[26,] 0.006091215 0.9450703 0.0121304503 0.0053006804 0.0031871687 0.005268324 0.0042882055 7.838592e-03 0.006816520 0.0040085765
[27,] 0.006091346 0.9450649 0.0121339118 0.0053011055 0.0031874290 0.005268631 0.0042883837 7.838548e-03 0.006817015 0.0040087292
[28,] 0.006091575 0.9450621 0.0121339431 0.0053016999 0.0031875221 0.005269078 0.0042884977 7.838626e-03 0.006818127 0.0040088217
[29,] 0.006091719 0.9450542 0.0121407493 0.0053016707 0.0031875069 0.005269144 0.0042892562 7.838725e-03 0.006818072 0.0040089125
[30,] 0.006091688 0.9450494 0.0121448013 0.0053017846 0.0031875602 0.005269317 0.0042892619 7.838911e-03 0.006818357 0.0040089106
[31,] 0.006091668 0.9450462 0.0121469100 0.0053019809 0.0031875509 0.005269821 0.0042893469 7.838885e-03 0.006818365 0.0040092697
[32,] 0.006091655 0.9450438 0.0121483841 0.0053021293 0.0031875486 0.005270080 0.0042894292 7.838880e-03 0.006818446 0.0040096170
[33,] 0.006091737 0.9450431 0.0121488883 0.0053021261 0.0031875540 0.005270076 0.0042894370 7.839007e-03 0.006818453 0.0040096175
[34,] 0.006091762 0.9450424 0.0121491392 0.0053021250 0.0031875779 0.005270094 0.0042894361 7.839110e-03 0.006818727 0.0040096145
[35,] 0.006091764 0.9450419 0.0121493181 0.0053021698 0.0031875919 0.005270094 0.0042895818 7.839151e-03 0.006818732 0.0040097017
[36,] 0.006091761 0.9450410 0.0121500365 0.0053021906 0.0031875906 0.005270090 0.0042895795 7.839163e-03 0.006818769 0.0040097805
[37,] 0.006091757 0.9450402 0.0121507738 0.0053022325 0.0031875906 0.005270089 0.0042895837 7.839157e-03 0.006818795 0.0040097773
[38,] 0.006091765 0.9450401 0.0121507725 0.0053022386 0.0031875938 0.005270107 0.0042896007 7.839172e-03 0.006818828 0.0040097778
[39,] 0.006091786 0.9450398 0.0121509506 0.0053022369 0.0031875933 0.005270113 0.0042896176 7.839190e-03 0.006818933 0.0040098085
[40,] 0.006091797 0.9450394 0.0121512082 0.0053022454 0.0031875925 0.005270116 0.0042896410 7.839197e-03 0.006818954 0.0040098071
[41,] 0.006091796 0.9450393 0.0121512944 0.0053022451 0.0031875928 0.005270126 0.0042896538 7.839205e-03 0.006818953 0.0040098086
[42,] 0.006091799 0.9450393 0.0121512999 0.0053022455 0.0031875942 0.005270128 0.0042896582 7.839205e-03 0.006818962 0.0040098109
[43,] 0.006091802 0.9450393 0.0121513062 0.0053022483 0.0031875942 0.005270128 0.0042896597 7.839211e-03 0.006818963 0.0040098113
[44,] 0.006091801 0.9450392 0.0121513387 0.0053022518 0.0031875966 0.005270134 0.0042896624 7.839210e-03 0.006818964 0.0040098146
[45,] 0.006091801 0.9450392 0.0121513551 0.0053022560 0.0031875974 0.005270138 0.0042896637 7.839213e-03 0.006818964 0.0040098145
[46,] 0.006091802 0.9450392 0.0121513656 0.0053022582 0.0031875973 0.005270138 0.0042896676 7.839213e-03 0.006818972 0.0040098144
[47,] 0.006091802 0.9450392 0.0121513755 0.0053022590 0.0031875973 0.005270138 0.0042896707 7.839213e-03 0.006818974 0.0040098167
[48,] 0.006091802 0.9450391 0.0121513755 0.0053022615 0.0031875976 0.005270143 0.0042896725 7.839213e-03 0.006818974 0.0040098176
[49,] 0.006091802 0.9450391 0.0121513819 0.0053022614 0.0031875976 0.005270143 0.0042896725 7.839213e-03 0.006818975 0.0040098177
[50,] 0.006091802 0.9450391 0.0121513858 0.0053022614 0.0031875977 0.005270144 0.0042896725 7.839213e-03 0.006818975 0.0040098177

$ChinaSouth
              IAG       Japan ChinaSouth    ChinaEast        Latam        Delta       United     American    Lufthansa AirFranceKLM
 [1,] 0.000189198 0.001124300  0.9986865 0.000000e+00 0.0000000000 0.0000000000 0.0000000000 0.000000e+00 0.0000000000  0.000000000
 [2,] 0.004738844 0.001125911  0.9912670 2.623122e-06 0.0008312357 0.0002322752 0.0006470977 9.427742e-05 0.0009569333  0.000103755
 [3,] 0.004851488 0.001122121  0.9830955 5.325815e-06 0.0011130873 0.0013229846 0.0007344775 1.157946e-04 0.0071099521  0.000529225
 [4,] 0.007340009 0.001559835  0.9749446 7.348682e-04 0.0012737232 0.0013847487 0.0022826888 5.865854e-04 0.0085365597  0.001356387
 [5,] 0.007792554 0.001925347  0.9706660 2.471309e-03 0.0013131596 0.0020176569 0.0023737536 1.407933e-03 0.0086405036  0.001391733
 [6,] 0.007736813 0.002274260  0.9639232 2.847215e-03 0.0013313165 0.0042160168 0.0024047628 2.832605e-03 0.0110405862  0.001393254
 [7,] 0.007703128 0.002296922  0.9595522 2.831986e-03 0.0013302427 0.0049361938 0.0025005437 3.745094e-03 0.0117908759  0.003312794
 [8,] 0.009090292 0.002292380  0.9462768 5.809530e-03 0.0013331646 0.0051401350 0.0050132594 4.295449e-03 0.0154280113  0.005321029
 [9,] 0.009096702 0.002294605  0.9441544 6.151544e-03 0.0014744169 0.0061515721 0.0052878628 4.284590e-03 0.0157923341  0.005311959
[10,] 0.009150021 0.002408074  0.9345464 6.325727e-03 0.0015313359 0.0069626671 0.0071642121 6.736037e-03 0.0195962196  0.005579315
[11,] 0.009319578 0.002406437  0.9337105 6.326461e-03 0.0015448017 0.0070397436 0.0075573503 6.763154e-03 0.0197567759  0.005575151
[12,] 0.009333539 0.002426109  0.9334314 6.325411e-03 0.0015472392 0.0071938714 0.0075873190 6.780117e-03 0.0197988747  0.005576074
[13,] 0.009423978 0.002426250  0.9330868 6.369898e-03 0.0016186074 0.0071879608 0.0076517552 6.846126e-03 0.0198168032  0.005571852
[14,] 0.009419597 0.002425371  0.9330342 6.365957e-03 0.0016175792 0.0071897392 0.0076769333 6.872373e-03 0.0198055092  0.005592727
[15,] 0.009444511 0.002443070  0.9327021 6.362172e-03 0.0016617979 0.0072682861 0.0077114118 6.884351e-03 0.0199241376  0.005598180
[16,] 0.009452323 0.002565882  0.9324377 6.394590e-03 0.0016666071 0.0072994456 0.0077152564 6.887065e-03 0.0199212122  0.005659877
[17,] 0.009440574 0.002563851  0.9324555 6.387080e-03 0.0016654905 0.0073206295 0.0077189715 6.884286e-03 0.0198913791  0.005672256
[18,] 0.009438780 0.002563601  0.9324060 6.387345e-03 0.0016651264 0.0073190131 0.0077680666 6.888808e-03 0.0198872574  0.005676041
[19,] 0.009446035 0.002566562  0.9323376 6.397075e-03 0.0016688653 0.0073362293 0.0077654945 6.886278e-03 0.0199148830  0.005681010
[20,] 0.009446541 0.002566667  0.9322855 6.401098e-03 0.0016726117 0.0073358142 0.0077742168 6.888845e-03 0.0199206664  0.005708084
[21,] 0.009448770 0.002569755  0.9322500 6.414164e-03 0.0016730295 0.0073367544 0.0077854871 6.888430e-03 0.0199193671  0.005714258
[22,] 0.009448658 0.002569789  0.9322146 6.416354e-03 0.0016741294 0.0073364014 0.0077855890 6.892911e-03 0.0199477885  0.005713746
[23,] 0.009449085 0.002569877  0.9321824 6.416110e-03 0.0016744775 0.0073436859 0.0077852974 6.892985e-03 0.0199623133  0.005723814
[24,] 0.009451209 0.002570085  0.9321587 6.419140e-03 0.0016744968 0.0073434753 0.0077858904 6.897356e-03 0.0199705039  0.005729118
[25,] 0.009450709 0.002569876  0.9321533 6.421962e-03 0.0016744565 0.0073465900 0.0077886947 6.896932e-03 0.0199688696  0.005728623
[26,] 0.009450450 0.002570749  0.9321418 6.422549e-03 0.0016747626 0.0073465658 0.0077952039 6.899028e-03 0.0199704388  0.005728455
[27,] 0.009450433 0.002570807  0.9321377 6.422636e-03 0.0016748646 0.0073475140 0.0077959660 6.899044e-03 0.0199724555  0.005728591
[28,] 0.009452017 0.002570790  0.9321304 6.422641e-03 0.0016748384 0.0073478588 0.0077967422 6.900748e-03 0.0199754974  0.005728504
[29,] 0.009452840 0.002571044  0.9321260 6.422970e-03 0.0016751516 0.0073487615 0.0077970847 6.900868e-03 0.0199764195  0.005728880
[30,] 0.009452790 0.002571420  0.9321244 6.423015e-03 0.0016751376 0.0073486995 0.0077970365 6.902080e-03 0.0199765708  0.005728825
[31,] 0.009452781 0.002571443  0.9321234 6.423168e-03 0.0016751357 0.0073487134 0.0077971615 6.902114e-03 0.0199771800  0.005728902
[32,] 0.009452841 0.002571615  0.9321208 6.423810e-03 0.0016751540 0.0073493117 0.0077975097 6.902121e-03 0.0199774807  0.005729345
[33,] 0.009453026 0.002571614  0.9321201 6.423873e-03 0.0016752438 0.0073494714 0.0077975427 6.902230e-03 0.0199774530  0.005729401
[34,] 0.009453069 0.002571671  0.9321196 6.423882e-03 0.0016752480 0.0073495132 0.0077975738 6.902235e-03 0.0199777669  0.005729412
[35,] 0.009453058 0.002571675  0.9321191 6.424039e-03 0.0016752808 0.0073495054 0.0077978937 6.902242e-03 0.0199777990  0.005729414
[36,] 0.009453054 0.002571687  0.9321187 6.424074e-03 0.0016752799 0.0073495847 0.0077978895 6.902248e-03 0.0199779406  0.005729561
[37,] 0.009453052 0.002571686  0.9321184 6.424144e-03 0.0016752911 0.0073495947 0.0077979020 6.902249e-03 0.0199780224  0.005729646
[38,] 0.009453055 0.002571688  0.9321183 6.424153e-03 0.0016753129 0.0073495929 0.0077979024 6.902259e-03 0.0199780627  0.005729645
[39,] 0.009453053 0.002571691  0.9321182 6.424154e-03 0.0016753135 0.0073495940 0.0077979086 6.902268e-03 0.0199781727  0.005729658
[40,] 0.009453049 0.002571691  0.9321181 6.424168e-03 0.0016753132 0.0073495914 0.0077979090 6.902266e-03 0.0199781811  0.005729700
[41,] 0.009453044 0.002571690  0.9321181 6.424171e-03 0.0016753122 0.0073496063 0.0077979044 6.902262e-03 0.0199781699  0.005729697
[42,] 0.009453044 0.002571690  0.9321181 6.424171e-03 0.0016753136 0.0073496065 0.0077979050 6.902262e-03 0.0199781705  0.005729698
[43,] 0.009453047 0.002571690  0.9321181 6.424171e-03 0.0016753135 0.0073496054 0.0077979200 6.902263e-03 0.0199781941  0.005729699
[44,] 0.009453049 0.002571692  0.9321181 6.424170e-03 0.0016753135 0.0073496049 0.0077979223 6.902273e-03 0.0199781917  0.005729703
[45,] 0.009453049 0.002571692  0.9321181 6.424175e-03 0.0016753135 0.0073496130 0.0077979238 6.902273e-03 0.0199781915  0.005729704
[46,] 0.009453052 0.002571693  0.9321180 6.424176e-03 0.0016753135 0.0073496150 0.0077979235 6.902273e-03 0.0199782057  0.005729703
[47,] 0.009453053 0.002571693  0.9321180 6.424177e-03 0.0016753135 0.0073496157 0.0077979235 6.902274e-03 0.0199782078  0.005729704
[48,] 0.009453053 0.002571693  0.9321180 6.424178e-03 0.0016753135 0.0073496166 0.0077979238 6.902276e-03 0.0199782114  0.005729708
[49,] 0.009453053 0.002571694  0.9321180 6.424182e-03 0.0016753138 0.0073496194 0.0077979274 6.902277e-03 0.0199782108  0.005729708
[50,] 0.009453053 0.002571694  0.9321180 6.424182e-03 0.0016753138 0.0073496197 0.0077979290 6.902277e-03 0.0199782129  0.005729708

$ChinaEast
               IAG        Japan   ChinaSouth ChinaEast        Latam        Delta      United    American    Lufthansa AirFranceKLM
 [1,] 0.0002838361 0.0003058693 1.006520e-06 0.9994093 0.000000e+00 0.0000000000 0.000000000 0.000000000 0.0000000000 0.0000000000
 [2,] 0.0014842081 0.0003284547 6.109936e-04 0.9912641 1.261012e-05 0.0001557434 0.001920615 0.003162411 0.0006410538 0.0004198584
 [3,] 0.0034799564 0.0003367159 6.689895e-04 0.9844817 7.469434e-04 0.0004585239 0.004271899 0.003952338 0.0007435222 0.0008594518
 [4,] 0.0034782420 0.0018029931 6.754942e-04 0.9795358 7.813227e-04 0.0015733243 0.004263079 0.005732931 0.0012918108 0.0008650356
 [5,] 0.0045545982 0.0021455497 1.060222e-03 0.9720919 1.915301e-03 0.0015768629 0.004623729 0.007213113 0.0013450572 0.0034736363
 [6,] 0.0046852808 0.0021851285 1.057565e-03 0.9691975 1.943625e-03 0.0027749636 0.004625638 0.007379529 0.0024143291 0.0037363944
 [7,] 0.0048830801 0.0022282161 2.180526e-03 0.9613768 3.063710e-03 0.0039431404 0.004601477 0.010042585 0.0030956590 0.0045848557
 [8,] 0.0055518548 0.0024746484 2.175893e-03 0.9571523 4.370756e-03 0.0046852054 0.004736094 0.010479240 0.0033133330 0.0050606424
 [9,] 0.0058283672 0.0027581816 1.816956e-02 0.9372679 4.307061e-03 0.0048924140 0.007131700 0.011298638 0.0033006368 0.0050455680
[10,] 0.0033647162 0.0018006066 4.506086e-01 0.5234851 2.642379e-03 0.0029520532 0.004017020 0.006309163 0.0019266435 0.0028936846
[11,] 0.0053717311 0.0017946139 4.498243e-01 0.5213634 2.975561e-03 0.0030734738 0.004243708 0.006291462 0.0021049859 0.0029567527
[12,] 0.0057568338 0.0017858550 4.480730e-01 0.5188189 3.075508e-03 0.0039273880 0.004305852 0.006306299 0.0048282136 0.0031221941
[13,] 0.0067669105 0.0020760512 4.464143e-01 0.5169102 3.167390e-03 0.0040216401 0.005036400 0.006610213 0.0056506364 0.0033462299
[14,] 0.0070617424 0.0023382810 4.456437e-01 0.5160889 3.205831e-03 0.0045420311 0.005069660 0.007052247 0.0056593278 0.0033382547
[15,] 0.0070579092 0.0025284932 4.445769e-01 0.5150246 3.202226e-03 0.0051078656 0.005072104 0.007405926 0.0066875386 0.0033363620
[16,] 0.0070656841 0.0025267379 4.448040e-01 0.5131510 3.190517e-03 0.0055188299 0.005077200 0.007904552 0.0068590181 0.0039024742
[17,] 0.0076935760 0.0025235449 4.426918e-01 0.5113156 3.174806e-03 0.0055584662 0.005904267 0.008131748 0.0082356750 0.0047705596
[18,] 0.0077481177 0.0025203935 4.424382e-01 0.5106633 3.259015e-03 0.0060972476 0.006088460 0.008121586 0.0082965125 0.0047672149
[19,] 0.0078177832 0.0025570136 4.403874e-01 0.5082684 3.272728e-03 0.0063705002 0.007100103 0.009259119 0.0101102685 0.0048567150
[20,] 0.0078845478 0.0025564870 4.402211e-01 0.5080544 3.273267e-03 0.0064480423 0.007259165 0.009275858 0.0101721647 0.0048549991
[21,] 0.0079007365 0.0025670835 4.401338e-01 0.5079538 3.272873e-03 0.0065473635 0.007257767 0.009286462 0.0102254974 0.0048545980
[22,] 0.0079469643 0.0025667136 4.401310e-01 0.5078336 3.311065e-03 0.0065465553 0.007277444 0.009301966 0.0102314601 0.0048532773
[23,] 0.0079497737 0.0025678105 4.401371e-01 0.5077654 3.310889e-03 0.0065604459 0.007290638 0.009320863 0.0102308579 0.0048662512
[24,] 0.0079577520 0.0025715404 4.401756e-01 0.5076189 3.328352e-03 0.0065805361 0.007299355 0.009321254 0.0102782542 0.0048684613
[25,] 0.0079599037 0.0026287806 4.401495e-01 0.5075286 3.329505e-03 0.0065958052 0.007308132 0.009322126 0.0102777574 0.0048999515
[26,] 0.0079547791 0.0026283386 4.404673e-01 0.5072019 3.328568e-03 0.0066049532 0.007313135 0.009317998 0.0102743361 0.0049087411
[27,] 0.0079538423 0.0026280985 4.405287e-01 0.5071225 3.328075e-03 0.0066042284 0.007331644 0.009319235 0.0102731094 0.0049106421
[28,] 0.0079581370 0.0026303018 4.405928e-01 0.5070264 3.329576e-03 0.0066120419 0.007330460 0.009319762 0.0102884718 0.0049120205
[29,] 0.0079582539 0.0026302885 4.405840e-01 0.5070172 3.331287e-03 0.0066119026 0.007333642 0.009320519 0.0102910219 0.0049219337
[30,] 0.0079603730 0.0026326677 4.405841e-01 0.5070068 3.331214e-03 0.0066119034 0.007337024 0.009320478 0.0102913530 0.0049240798
[31,] 0.0079605961 0.0026325731 4.405916e-01 0.5069875 3.331348e-03 0.0066117212 0.007336958 0.009322497 0.0103012730 0.0049240076
[32,] 0.0079608930 0.0026327657 4.405869e-01 0.5069799 3.331407e-03 0.0066142354 0.007336861 0.009322997 0.0103067664 0.0049271903
[33,] 0.0079620369 0.0026327688 4.405832e-01 0.5069729 3.331357e-03 0.0066141643 0.007336771 0.009324712 0.0103115804 0.0049305433
[34,] 0.0079618069 0.0026327427 4.406055e-01 0.5069484 3.331251e-03 0.0066158394 0.007338853 0.009324237 0.0103110498 0.0049302862
[35,] 0.0079617438 0.0026330583 4.406050e-01 0.5069440 3.331290e-03 0.0066157787 0.007341637 0.009325307 0.0103118581 0.0049302536
[36,] 0.0079617828 0.0026330893 4.406039e-01 0.5069424 3.331344e-03 0.0066163462 0.007342101 0.009325336 0.0103133373 0.0049303594
[37,] 0.0079626494 0.0026330701 4.406033e-01 0.5069388 3.331322e-03 0.0066164648 0.007342698 0.009326203 0.0103151647 0.0049303244
[38,] 0.0079629677 0.0026331109 4.406029e-01 0.5069377 3.331470e-03 0.0066169762 0.007342775 0.009326294 0.0103154231 0.0049304525
[39,] 0.0079629704 0.0026332690 4.406035e-01 0.5069362 3.331460e-03 0.0066169572 0.007342761 0.009326816 0.0103155701 0.0049304391
[40,] 0.0079629679 0.0026332845 4.406032e-01 0.5069360 3.331459e-03 0.0066169543 0.007342866 0.009326820 0.0103158890 0.0049304736
[41,] 0.0079629943 0.0026333678 4.406027e-01 0.5069357 3.331468e-03 0.0066171817 0.007343072 0.009326824 0.0103160318 0.0049306910
[42,] 0.0079630552 0.0026333725 4.406028e-01 0.5069353 3.331514e-03 0.0066172970 0.007343092 0.009326849 0.0103160249 0.0049307221
[43,] 0.0079630687 0.0026333938 4.406030e-01 0.5069348 3.331515e-03 0.0066173197 0.007343127 0.009326848 0.0103161827 0.0049307237
[44,] 0.0079630644 0.0026333989 4.406031e-01 0.5069346 3.331526e-03 0.0066173208 0.007343256 0.009326846 0.0103161934 0.0049307222
[45,] 0.0079630633 0.0026334036 4.406030e-01 0.5069345 3.331525e-03 0.0066173715 0.007343254 0.009326849 0.0103162386 0.0049307719
[46,] 0.0079630640 0.0026334034 4.406030e-01 0.5069345 3.331534e-03 0.0066173752 0.007343258 0.009326848 0.0103162599 0.0049308093
[47,] 0.0079630642 0.0026334046 4.406030e-01 0.5069344 3.331541e-03 0.0066173750 0.007343259 0.009326851 0.0103162758 0.0049308089
[48,] 0.0079630632 0.0026334066 4.406030e-01 0.5069344 3.331541e-03 0.0066173746 0.007343260 0.009326852 0.0103163225 0.0049308115
[49,] 0.0079630616 0.0026334071 4.406031e-01 0.5069343 3.331540e-03 0.0066173731 0.007343259 0.009326850 0.0103163299 0.0049308342
[50,] 0.0079630595 0.0026334064 4.406032e-01 0.5069341 3.331539e-03 0.0066173799 0.007343258 0.009326848 0.0103163281 0.0049308334

$Latam
             IAG       Japan   ChinaSouth    ChinaEast     Latam        Delta       United     American    Lufthansa AirFranceKLM
 [1,] 0.01590392 0.001146258 5.533709e-05 0.0002362228 0.9826583 0.0000000000 0.0000000000 0.000000e+00 0.000000e+00 0.0000000000
 [2,] 0.01836911 0.001660130 5.491367e-05 0.0003090004 0.9788160 0.0004779771 0.0001576757 3.135097e-05 3.969505e-07 0.0001234026
 [3,] 0.01845228 0.001665784 2.331024e-04 0.0003068174 0.9735640 0.0008321780 0.0018910057 7.922281e-05 2.764966e-03 0.0002106392
 [4,] 0.01901764 0.001739862 2.451513e-04 0.0006042153 0.9714160 0.0008355188 0.0021545271 4.563024e-04 2.762457e-03 0.0007682835
 [5,] 0.01967569 0.002312617 3.735841e-04 0.0006333219 0.9662776 0.0012080024 0.0022093858 9.188946e-04 5.262817e-03 0.0011280524
 [6,] 0.02002282 0.002318037 9.566915e-04 0.0019303487 0.9619957 0.0013876116 0.0022861347 1.459149e-03 5.320789e-03 0.0023226810
 [7,] 0.02038734 0.003975971 9.602937e-04 0.0019595908 0.9583312 0.0017239426 0.0022835686 1.457510e-03 6.398027e-03 0.0025225051
 [8,] 0.02040976 0.004039814 2.844264e-03 0.0019777473 0.9504964 0.0050698984 0.0024439244 3.589844e-03 6.519587e-03 0.0026087392
 [9,] 0.02037296 0.004531489 3.897752e-03 0.0026346284 0.9444496 0.0081501465 0.0026569322 4.233253e-03 6.480613e-03 0.0025926238
[10,] 0.02035113 0.004600053 4.618735e-03 0.0027968946 0.9423956 0.0082004237 0.0027894900 4.317753e-03 7.346235e-03 0.0025836426
[11,] 0.02048918 0.004606997 4.632778e-03 0.0028077361 0.9419166 0.0084543363 0.0028031959 4.315360e-03 7.355717e-03 0.0026181399
[12,] 0.02049187 0.004605754 4.637058e-03 0.0028496165 0.9416590 0.0084577124 0.0028235099 4.372936e-03 7.485026e-03 0.0026174920
[13,] 0.02054118 0.004630123 4.857690e-03 0.0028832600 0.9409261 0.0084969632 0.0028235385 4.715274e-03 7.483243e-03 0.0026426268
[14,] 0.02054195 0.004656021 5.014301e-03 0.0028893353 0.9406716 0.0084962993 0.0028455260 4.744901e-03 7.493142e-03 0.0026469120
[15,] 0.02057514 0.004663801 5.732039e-03 0.0028865341 0.9397365 0.0085193047 0.0028584902 4.775046e-03 7.486747e-03 0.0027664237
[16,] 0.02057218 0.004663051 5.747555e-03 0.0028904720 0.9396129 0.0085343280 0.0028940214 4.774878e-03 7.526446e-03 0.0027841746
[17,] 0.02057713 0.004677439 5.752363e-03 0.0029033799 0.9395283 0.0085335943 0.0029171604 4.778300e-03 7.527448e-03 0.0028049034
[18,] 0.02056589 0.004672275 6.695646e-03 0.0029150881 0.9384858 0.0085289327 0.0029230110 4.806044e-03 7.585237e-03 0.0028221174
[19,] 0.02059991 0.004672530 6.847641e-03 0.0029146270 0.9382593 0.0085279136 0.0029254869 4.804912e-03 7.622249e-03 0.0028253912
[20,] 0.02060278 0.004672986 6.853215e-03 0.0029147263 0.9382468 0.0085295648 0.0029259614 4.804832e-03 7.623428e-03 0.0028257188
[21,] 0.02060386 0.004673993 6.906337e-03 0.0029196875 0.9381857 0.0085294947 0.0029258477 4.804945e-03 7.624422e-03 0.0028257349
[22,] 0.02060331 0.004673946 6.925419e-03 0.0029206790 0.9381595 0.0085299200 0.0029283309 4.807138e-03 7.625448e-03 0.0028262620
[23,] 0.02060536 0.004674209 6.936626e-03 0.0029209475 0.9381340 0.0085336420 0.0029292461 4.807283e-03 7.631652e-03 0.0028270690
[24,] 0.02060745 0.004674157 6.936655e-03 0.0029218920 0.9381173 0.0085335765 0.0029350817 4.810409e-03 7.635541e-03 0.0028279555
[25,] 0.02060778 0.004674513 6.945993e-03 0.0029285034 0.9380867 0.0085355774 0.0029374845 4.810804e-03 7.639658e-03 0.0028330229
[26,] 0.02060773 0.004674521 6.950748e-03 0.0029285282 0.9380783 0.0085361486 0.0029374726 4.811218e-03 7.641758e-03 0.0028335779
[27,] 0.02060758 0.004674434 6.954156e-03 0.0029285682 0.9380608 0.0085369147 0.0029390117 4.813125e-03 7.650206e-03 0.0028351665
[28,] 0.02060748 0.004674488 6.954137e-03 0.0029292175 0.9380552 0.0085371692 0.0029427046 4.813402e-03 7.650390e-03 0.0028357835
[29,] 0.02060744 0.004674480 6.954154e-03 0.0029293656 0.9380535 0.0085378314 0.0029427794 4.813515e-03 7.650951e-03 0.0028359615
[30,] 0.02060740 0.004674728 6.956448e-03 0.0029293703 0.9380508 0.0085378083 0.0029428999 4.813516e-03 7.651107e-03 0.0028359543
[31,] 0.02060739 0.004674775 6.958247e-03 0.0029293757 0.9380482 0.0085380392 0.0029428986 4.813741e-03 7.651334e-03 0.0028359582
[32,] 0.02060745 0.004674780 6.958251e-03 0.0029295153 0.9380476 0.0085380990 0.0029429206 4.813748e-03 7.651562e-03 0.0028361121
[33,] 0.02060753 0.004674869 6.958670e-03 0.0029296176 0.9380466 0.0085380917 0.0029429515 4.813766e-03 7.651585e-03 0.0028362663
[34,] 0.02060749 0.004674848 6.962756e-03 0.0029296343 0.9380424 0.0085381191 0.0029429629 4.813755e-03 7.651759e-03 0.0028362954
[35,] 0.02060749 0.004674864 6.962782e-03 0.0029296339 0.9380421 0.0085381176 0.0029429872 4.813757e-03 7.651987e-03 0.0028363005
[36,] 0.02060749 0.004674863 6.963073e-03 0.0029296383 0.9380415 0.0085381378 0.0029430064 4.813770e-03 7.652158e-03 0.0028364092
[37,] 0.02060751 0.004674862 6.963592e-03 0.0029296638 0.9380408 0.0085381403 0.0029430682 4.813767e-03 7.652167e-03 0.0028364355
[38,] 0.02060751 0.004674865 6.963612e-03 0.0029296662 0.9380407 0.0085381654 0.0029430680 4.813769e-03 7.652167e-03 0.0028364361
[39,] 0.02060751 0.004674865 6.963612e-03 0.0029296658 0.9380406 0.0085381756 0.0029430798 4.813768e-03 7.652260e-03 0.0028364357
[40,] 0.02060751 0.004674865 6.963612e-03 0.0029296794 0.9380405 0.0085381748 0.0029430939 4.813786e-03 7.652270e-03 0.0028364826
[41,] 0.02060751 0.004674865 6.963724e-03 0.0029297062 0.9380403 0.0085381966 0.0029431063 4.813789e-03 7.652283e-03 0.0028364960
[42,] 0.02060751 0.004674867 6.963815e-03 0.0029297117 0.9380402 0.0085381999 0.0029431059 4.813789e-03 7.652315e-03 0.0028364974
[43,] 0.02060751 0.004674868 6.963815e-03 0.0029297137 0.9380401 0.0085382027 0.0029431138 4.813791e-03 7.652337e-03 0.0028364993
[44,] 0.02060751 0.004674868 6.963815e-03 0.0029297159 0.9380401 0.0085382026 0.0029431199 4.813791e-03 7.652342e-03 0.0028365056
[45,] 0.02060751 0.004674868 6.963821e-03 0.0029297217 0.9380401 0.0085382090 0.0029431231 4.813792e-03 7.652342e-03 0.0028365061
[46,] 0.02060751 0.004674868 6.963831e-03 0.0029297217 0.9380401 0.0085382089 0.0029431253 4.813792e-03 7.652349e-03 0.0028365067
[47,] 0.02060751 0.004674868 6.963831e-03 0.0029297219 0.9380401 0.0085382095 0.0029431253 4.813793e-03 7.652351e-03 0.0028365068
[48,] 0.02060751 0.004674868 6.963832e-03 0.0029297224 0.9380401 0.0085382100 0.0029431254 4.813793e-03 7.652354e-03 0.0028365086
[49,] 0.02060751 0.004674869 6.963841e-03 0.0029297242 0.9380401 0.0085382112 0.0029431255 4.813793e-03 7.652355e-03 0.0028365107
[50,] 0.02060751 0.004674869 6.963852e-03 0.0029297243 0.9380401 0.0085382111 0.0029431255 4.813793e-03 7.652356e-03 0.0028365108

$Delta
             IAG        Japan   ChinaSouth    ChinaEast      Latam     Delta       United     American    Lufthansa AirFranceKLM
 [1,] 0.02921394 0.0008736722 0.0008545743 0.0009058422 0.05323441 0.9149176 0.0000000000 0.000000e+00 0.000000e+00 0.0000000000
 [2,] 0.04229479 0.0017804009 0.0009677431 0.0008872001 0.05330014 0.8999493 0.0005259639 1.581888e-05 7.463499e-06 0.0002711437
 [3,] 0.04423071 0.0024007133 0.0012274910 0.0010565094 0.05438180 0.8917332 0.0023941864 1.725618e-03 2.076599e-04 0.0006420898
 [4,] 0.04708570 0.0025334826 0.0015955998 0.0012640665 0.05463545 0.8869710 0.0031640588 1.817715e-03 2.073578e-04 0.0007255910
 [5,] 0.04674673 0.0030016770 0.0022306392 0.0023471408 0.05444099 0.8811797 0.0041776178 1.806525e-03 8.012663e-04 0.0032677057
 [6,] 0.04640518 0.0050974640 0.0031063224 0.0024823872 0.05399759 0.8745328 0.0068368968 2.926528e-03 1.179454e-03 0.0034354027
 [7,] 0.04672240 0.0055041021 0.0036303760 0.0026455229 0.05473176 0.8711722 0.0073231851 3.375855e-03 1.246858e-03 0.0036477705
 [8,] 0.04648155 0.0057491433 0.0036108838 0.0030426215 0.05446906 0.8678964 0.0074106210 5.503347e-03 2.156076e-03 0.0036803116
 [9,] 0.04683333 0.0066486328 0.0035967632 0.0030628727 0.05412992 0.8645879 0.0073734884 6.286654e-03 2.307394e-03 0.0051730138
[10,] 0.04661651 0.0066321389 0.0042042541 0.0037081247 0.05406950 0.8589896 0.0084208534 7.467594e-03 3.731019e-03 0.0061603614
[11,] 0.04673231 0.0066765865 0.0042217956 0.0038854420 0.05406092 0.8584799 0.0084470023 7.464597e-03 3.754837e-03 0.0062765953
[12,] 0.04672870 0.0066704080 0.0048056939 0.0039976709 0.05401558 0.8576646 0.0084763712 7.462080e-03 3.807140e-03 0.0063717457
[13,] 0.04670170 0.0066695289 0.0052291979 0.0039994411 0.05398590 0.8571551 0.0085260026 7.506280e-03 3.827826e-03 0.0063989841
[14,] 0.04663161 0.0066645207 0.0066133789 0.0040126013 0.05393228 0.8558749 0.0085160253 7.514002e-03 3.825314e-03 0.0064153723
[15,] 0.04664969 0.0066773939 0.0067518812 0.0040127781 0.05395951 0.8556238 0.0085305577 7.522148e-03 3.840135e-03 0.0064320762
[16,] 0.04672275 0.0066776183 0.0070993154 0.0040148272 0.05393021 0.8551579 0.0085454395 7.526726e-03 3.892995e-03 0.0064322086
[17,] 0.04668630 0.0067011931 0.0077067926 0.0040313545 0.05388706 0.8544817 0.0086121245 7.536401e-03 3.890832e-03 0.0064662557
[18,] 0.04667898 0.0067125902 0.0078336431 0.0040440235 0.05387804 0.8543257 0.0086115661 7.546750e-03 3.890123e-03 0.0064785660
[19,] 0.04666621 0.0067094742 0.0082457003 0.0040420952 0.05385695 0.8539109 0.0086162216 7.548292e-03 3.924129e-03 0.0064800776
[20,] 0.04666393 0.0067085998 0.0084846003 0.0040414980 0.05384345 0.8536776 0.0086155472 7.562366e-03 3.923577e-03 0.0064788622
[21,] 0.04665893 0.0067102721 0.0086015681 0.0040484352 0.05383651 0.8535568 0.0086148520 7.567959e-03 3.923515e-03 0.0064811911
[22,] 0.04665790 0.0067131024 0.0086043368 0.0040580815 0.05383940 0.8535296 0.0086194244 7.567778e-03 3.928992e-03 0.0064814217
[23,] 0.04665839 0.0067125740 0.0086376598 0.0040657768 0.05383514 0.8534613 0.0086333502 7.567166e-03 3.947638e-03 0.0064809822
[24,] 0.04665796 0.0067126145 0.0086385137 0.0040658431 0.05383493 0.8534541 0.0086339760 7.568173e-03 3.947687e-03 0.0064862268
[25,] 0.04665741 0.0067124737 0.0086385053 0.0040696581 0.05383377 0.8534450 0.0086363406 7.568429e-03 3.952240e-03 0.0064861918
[26,] 0.04665630 0.0067124568 0.0086488675 0.0040707657 0.05383242 0.8534229 0.0086445554 7.568854e-03 3.955441e-03 0.0064874434
[27,] 0.04665589 0.0067123970 0.0086498974 0.0040724200 0.05383212 0.8534190 0.0086459647 7.569326e-03 3.955588e-03 0.0064874300
[28,] 0.04665583 0.0067124417 0.0086500287 0.0040724625 0.05383191 0.8534167 0.0086473164 7.569318e-03 3.956483e-03 0.0064874612
[29,] 0.04665567 0.0067127826 0.0086499900 0.0040729982 0.05383171 0.8534153 0.0086475481 7.570034e-03 3.956550e-03 0.0064874325
[30,] 0.04665556 0.0067128007 0.0086504725 0.0040730479 0.05383158 0.8534131 0.0086491656 7.570034e-03 3.956864e-03 0.0064874154
[31,] 0.04665525 0.0067127550 0.0086575615 0.0040730433 0.05383119 0.8534069 0.0086491485 7.569980e-03 3.956835e-03 0.0064873767
[32,] 0.04665494 0.0067128107 0.0086635942 0.0040730283 0.05383084 0.8534013 0.0086493826 7.569931e-03 3.956811e-03 0.0064873718
[33,] 0.04665496 0.0067128158 0.0086636064 0.0040731091 0.05383080 0.8534008 0.0086493788 7.569949e-03 3.956884e-03 0.0064877339
[34,] 0.04665491 0.0067128699 0.0086663062 0.0040731290 0.05383064 0.8533978 0.0086496409 7.570008e-03 3.957013e-03 0.0064877181
[35,] 0.04665491 0.0067129164 0.0086672088 0.0040731242 0.05383056 0.8533963 0.0086496377 7.570251e-03 3.957333e-03 0.0064877416
[36,] 0.04665485 0.0067129218 0.0086681049 0.0040731208 0.05383049 0.8533953 0.0086496306 7.570244e-03 3.957518e-03 0.0064878089
[37,] 0.04665492 0.0067129275 0.0086681075 0.0040731199 0.05383048 0.8533951 0.0086496360 7.570249e-03 3.957581e-03 0.0064879014
[38,] 0.04665488 0.0067129212 0.0086689371 0.0040731428 0.05383043 0.8533943 0.0086496526 7.570262e-03 3.957577e-03 0.0064879186
[39,] 0.04665487 0.0067129203 0.0086689788 0.0040731481 0.05383043 0.8533942 0.0086496913 7.570261e-03 3.957612e-03 0.0064879360
[40,] 0.04665486 0.0067129196 0.0086691015 0.0040731634 0.05383042 0.8533939 0.0086497272 7.570264e-03 3.957653e-03 0.0064879566
[41,] 0.04665486 0.0067129201 0.0086691644 0.0040731829 0.05383041 0.8533938 0.0086497945 7.570267e-03 3.957700e-03 0.0064879552
[42,] 0.04665485 0.0067129194 0.0086692385 0.0040731825 0.05383040 0.8533937 0.0086498052 7.570269e-03 3.957702e-03 0.0064879616
[43,] 0.04665485 0.0067129204 0.0086692380 0.0040731913 0.05383040 0.8533936 0.0086498273 7.570269e-03 3.957717e-03 0.0064879612
[44,] 0.04665485 0.0067129204 0.0086692404 0.0040731913 0.05383040 0.8533936 0.0086498325 7.570276e-03 3.957721e-03 0.0064879610
[45,] 0.04665485 0.0067129205 0.0086692620 0.0040731965 0.05383040 0.8533936 0.0086498373 7.570276e-03 3.957720e-03 0.0064879618
[46,] 0.04665485 0.0067129209 0.0086692621 0.0040731980 0.05383040 0.8533936 0.0086498373 7.570277e-03 3.957720e-03 0.0064879621
[47,] 0.04665485 0.0067129216 0.0086692646 0.0040732004 0.05383040 0.8533936 0.0086498399 7.570277e-03 3.957724e-03 0.0064879621
[48,] 0.04665485 0.0067129215 0.0086692667 0.0040732006 0.05383039 0.8533936 0.0086498430 7.570277e-03 3.957724e-03 0.0064879622
[49,] 0.04665485 0.0067129215 0.0086692759 0.0040732024 0.05383039 0.8533936 0.0086498432 7.570277e-03 3.957724e-03 0.0064879639
[50,] 0.04665485 0.0067129214 0.0086692915 0.0040732024 0.05383039 0.8533935 0.0086498431 7.570277e-03 3.957724e-03 0.0064879638

$United
             IAG       Japan   ChinaSouth    ChinaEast      Latam     Delta    United    American    Lufthansa AirFranceKLM
 [1,] 0.02330102 0.001492833 0.0005538597 0.0006244065 0.06904576 0.4470307 0.4579515 0.000000000 0.0000000000 0.000000e+00
 [2,] 0.03249003 0.001570192 0.0007517842 0.0007010961 0.07195182 0.4406297 0.4500066 0.001041926 0.0008566494 1.942226e-07
 [3,] 0.03563085 0.001850524 0.0010945700 0.0009699187 0.07307236 0.4363867 0.4451127 0.003934839 0.0009783650 9.691736e-04
 [4,] 0.03550966 0.001966073 0.0014983109 0.0009723108 0.07299080 0.4336970 0.4441585 0.005452463 0.0022932594 1.461672e-03
 [5,] 0.03538394 0.002148772 0.0024216508 0.0019142620 0.07245345 0.4306171 0.4409121 0.006390606 0.0022701387 5.487956e-03
 [6,] 0.03504468 0.004014672 0.0033822339 0.0018962720 0.07198126 0.4267024 0.4378265 0.007946309 0.0029703847 8.235265e-03
 [7,] 0.03501816 0.004802986 0.0033957317 0.0019604950 0.07247486 0.4247155 0.4375507 0.008272006 0.0035877803 8.221821e-03
 [8,] 0.03467158 0.005777823 0.0044439945 0.0020324749 0.07260454 0.4240150 0.4331118 0.009080013 0.0051792502 9.083536e-03
 [9,] 0.03468578 0.007083659 0.0044658269 0.0021301710 0.07246786 0.4230687 0.4311705 0.010438865 0.0052296137 9.259066e-03
[10,] 0.03482895 0.007063632 0.0048941752 0.0022632525 0.07223454 0.4218550 0.4294546 0.010804163 0.0056757781 1.092596e-02
[11,] 0.03500554 0.007060718 0.0050054019 0.0024268900 0.07226032 0.4215963 0.4291885 0.010799513 0.0056756106 1.098126e-02
[12,] 0.03506880 0.007065244 0.0053300178 0.0024269697 0.07220983 0.4215261 0.4288871 0.010797779 0.0056752871 1.101291e-02
[13,] 0.03506173 0.007064145 0.0053703619 0.0024261121 0.07219527 0.4214456 0.4287862 0.010817986 0.0056946048 1.113792e-02
[14,] 0.03501430 0.007054558 0.0065478265 0.0024249510 0.07213263 0.4208819 0.4282043 0.010810142 0.0057113050 1.121816e-02
[15,] 0.03511131 0.007082870 0.0065504199 0.0024641354 0.07213615 0.4207734 0.4281087 0.010817142 0.0057227288 1.123311e-02
[16,] 0.03517793 0.007079660 0.0068194013 0.0025016643 0.07210505 0.4206100 0.4279255 0.010815944 0.0057272033 1.123771e-02
[17,] 0.03518085 0.007089937 0.0069215205 0.0025074751 0.07208125 0.4204723 0.4278447 0.010854378 0.0057804005 1.126717e-02
[18,] 0.03517427 0.007096554 0.0070722744 0.0025251682 0.07207041 0.4203927 0.4277664 0.010853156 0.0057794955 1.126954e-02
[19,] 0.03518500 0.007096552 0.0071503385 0.0025250987 0.07206002 0.4203383 0.4277046 0.010856632 0.0058143864 1.126906e-02
[20,] 0.03518256 0.007095693 0.0073103066 0.0025255601 0.07204824 0.4202657 0.4276307 0.010858561 0.0058134774 1.126920e-02
[21,] 0.03518160 0.007097862 0.0073211011 0.0025307919 0.07204639 0.4202533 0.4276193 0.010864146 0.0058162680 1.126928e-02
[22,] 0.03518090 0.007097784 0.0073303458 0.0025335520 0.07204988 0.4202463 0.4276111 0.010864074 0.0058168894 1.126918e-02
[23,] 0.03518102 0.007098413 0.0073343727 0.0025396413 0.07204732 0.4202365 0.4276037 0.010863850 0.0058239765 1.127111e-02
[24,] 0.03518022 0.007098266 0.0073534539 0.0025395865 0.07204603 0.4202276 0.4275947 0.010863706 0.0058239850 1.127248e-02
[25,] 0.03517938 0.007098123 0.0073688185 0.0025411170 0.07204438 0.4202200 0.4275854 0.010863499 0.0058271451 1.127223e-02
[26,] 0.03517914 0.007098126 0.0073730830 0.0025414674 0.07204367 0.4202159 0.4275843 0.010863397 0.0058274932 1.127341e-02
[27,] 0.03517884 0.007098062 0.0073784918 0.0025424208 0.07204294 0.4202129 0.4275819 0.010863313 0.0058274654 1.127369e-02
[28,] 0.03517911 0.007098372 0.0073784937 0.0025425116 0.07204287 0.4202125 0.4275816 0.010863351 0.0058275206 1.127373e-02
[29,] 0.03517915 0.007098634 0.0073785813 0.0025425734 0.07204270 0.4202121 0.4275806 0.010864176 0.0058278224 1.127370e-02
[30,] 0.03517910 0.007098700 0.0073801616 0.0025425768 0.07204254 0.4202113 0.4275799 0.010864155 0.0058278668 1.127376e-02
[31,] 0.03517903 0.007098702 0.0073822168 0.0025426066 0.07204237 0.4202103 0.4275789 0.010864177 0.0058278726 1.127388e-02
[32,] 0.03517883 0.007098673 0.0073876964 0.0025426466 0.07204197 0.4202079 0.4275765 0.010864116 0.0058278404 1.127382e-02
[33,] 0.03517882 0.007098684 0.0073876954 0.0025426637 0.07204195 0.4202078 0.4275763 0.010864240 0.0058278865 1.127395e-02
[34,] 0.03517878 0.007098679 0.0073892735 0.0025427320 0.07204181 0.4202068 0.4275756 0.010864273 0.0058281092 1.127392e-02
[35,] 0.03517883 0.007098684 0.0073895142 0.0025427302 0.07204177 0.4202065 0.4275753 0.010864343 0.0058283353 1.127394e-02
[36,] 0.03517880 0.007098678 0.0073901747 0.0025427341 0.07204170 0.4202062 0.4275749 0.010864340 0.0058284786 1.127395e-02
[37,] 0.03517883 0.007098680 0.0073902640 0.0025427357 0.07204168 0.4202061 0.4275748 0.010864340 0.0058285248 1.127400e-02
[38,] 0.03517882 0.007098678 0.0073905208 0.0025427456 0.07204166 0.4202060 0.4275747 0.010864346 0.0058285406 1.127401e-02
[39,] 0.03517882 0.007098679 0.0073905417 0.0025427636 0.07204165 0.4202059 0.4275747 0.010864345 0.0058285433 1.127403e-02
[40,] 0.03517882 0.007098682 0.0073906142 0.0025427758 0.07204165 0.4202059 0.4275746 0.010864345 0.0058285509 1.127403e-02
[41,] 0.03517881 0.007098682 0.0073906141 0.0025427866 0.07204164 0.4202059 0.4275746 0.010864345 0.0058285745 1.127403e-02
[42,] 0.03517881 0.007098683 0.0073906393 0.0025427865 0.07204164 0.4202059 0.4275746 0.010864345 0.0058285761 1.127403e-02
[43,] 0.03517881 0.007098683 0.0073906577 0.0025427946 0.07204163 0.4202059 0.4275746 0.010864345 0.0058285771 1.127403e-02
[44,] 0.03517881 0.007098683 0.0073906603 0.0025427963 0.07204163 0.4202058 0.4275746 0.010864346 0.0058285797 1.127403e-02
[45,] 0.03517881 0.007098684 0.0073906604 0.0025427976 0.07204163 0.4202058 0.4275746 0.010864346 0.0058285799 1.127403e-02
[46,] 0.03517881 0.007098684 0.0073906620 0.0025427982 0.07204163 0.4202058 0.4275746 0.010864347 0.0058285815 1.127403e-02
[47,] 0.03517881 0.007098684 0.0073906644 0.0025427994 0.07204163 0.4202058 0.4275746 0.010864347 0.0058285816 1.127403e-02
[48,] 0.03517881 0.007098684 0.0073906757 0.0025427994 0.07204163 0.4202058 0.4275746 0.010864347 0.0058285815 1.127403e-02
[49,] 0.03517881 0.007098684 0.0073906845 0.0025427998 0.07204163 0.4202058 0.4275746 0.010864347 0.0058285814 1.127404e-02
[50,] 0.03517881 0.007098684 0.0073906960 0.0025427999 0.07204163 0.4202058 0.4275746 0.010864347 0.0058285815 1.127404e-02

$American
             IAG        Japan   ChinaSouth    ChinaEast      Latam     Delta     United  American    Lufthansa AirFranceKLM
 [1,] 0.02883859 0.0005889242 0.0002724361 5.977010e-05 0.05796942 0.3620786 0.07032802 0.4798642 0.000000e+00 0.000000e+00
 [2,] 0.03861262 0.0023296240 0.0005094452 5.900476e-05 0.05747658 0.3582165 0.06952850 0.4731819 5.979379e-05 2.603094e-05
 [3,] 0.04150130 0.0026462897 0.0014972775 1.922668e-04 0.05700633 0.3550455 0.06887938 0.4719446 1.158648e-03 1.284153e-04
 [4,] 0.04226423 0.0026957485 0.0031376412 2.073261e-04 0.05697921 0.3527244 0.06975397 0.4694608 1.510892e-03 1.265788e-03
 [5,] 0.04213465 0.0029157323 0.0035995015 4.432658e-04 0.05659844 0.3506199 0.07140795 0.4663710 2.101777e-03 3.807802e-03
 [6,] 0.04273100 0.0047736314 0.0040017027 1.213680e-03 0.05622689 0.3492926 0.07122626 0.4630232 2.774726e-03 4.736326e-03
 [7,] 0.04262053 0.0063004667 0.0039766865 1.234286e-03 0.05662614 0.3471442 0.07084758 0.4620696 4.439552e-03 4.740894e-03
 [8,] 0.04300732 0.0062615793 0.0042704167 2.417416e-03 0.05664395 0.3470623 0.07052318 0.4602370 4.794738e-03 4.782096e-03
 [9,] 0.04331313 0.0063358917 0.0044633080 2.419069e-03 0.05670598 0.3462510 0.07074249 0.4581330 4.762531e-03 6.873638e-03
[10,] 0.04336874 0.0068212053 0.0053509720 3.312327e-03 0.05672912 0.3450852 0.07042000 0.4562742 5.058483e-03 7.579726e-03
[11,] 0.04340737 0.0068383670 0.0053494048 3.338852e-03 0.05677615 0.3450992 0.07040203 0.4561514 5.056917e-03 7.580297e-03
[12,] 0.04340988 0.0068370409 0.0053619840 3.382733e-03 0.05676985 0.3450398 0.07038845 0.4560640 5.066015e-03 7.680245e-03
[13,] 0.04339762 0.0068440496 0.0053904675 3.386035e-03 0.05675350 0.3450580 0.07038938 0.4560105 5.091688e-03 7.678770e-03
[14,] 0.04337709 0.0068402492 0.0057753329 3.383971e-03 0.05674003 0.3448978 0.07035419 0.4557403 5.096080e-03 7.794925e-03
[15,] 0.04341364 0.0068512374 0.0064696284 3.382724e-03 0.05671969 0.3446023 0.07029397 0.4553521 5.093016e-03 7.821718e-03
[16,] 0.04346360 0.0068586466 0.0065793908 3.390219e-03 0.05672133 0.3445090 0.07027974 0.4552696 5.094727e-03 7.833739e-03
[17,] 0.04341055 0.0068572216 0.0077387351 3.386238e-03 0.05665349 0.3440630 0.07021466 0.4546890 5.097366e-03 7.889795e-03
[18,] 0.04343511 0.0068628662 0.0078071557 3.399462e-03 0.05664537 0.3440166 0.07020477 0.4546367 5.103064e-03 7.888863e-03
[19,] 0.04341576 0.0068593335 0.0084364990 3.401558e-03 0.05660503 0.3437779 0.07015474 0.4543140 5.142530e-03 7.892695e-03
[20,] 0.04342432 0.0068662214 0.0084940146 3.402258e-03 0.05659977 0.3437454 0.07014814 0.4542769 5.150940e-03 7.892069e-03
[21,] 0.04342540 0.0068678053 0.0085623760 3.411789e-03 0.05659299 0.3437092 0.07014011 0.4542341 5.163912e-03 7.892354e-03
[22,] 0.04342473 0.0068697983 0.0085635006 3.411983e-03 0.05659431 0.3437065 0.07014487 0.4542267 5.164930e-03 7.892714e-03
[23,] 0.04342451 0.0068694687 0.0085686715 3.422330e-03 0.05659160 0.3437079 0.07014548 0.4542067 5.170999e-03 7.892335e-03
[24,] 0.04342384 0.0068693552 0.0085685298 3.424328e-03 0.05659068 0.3437058 0.07015010 0.4541992 5.173826e-03 7.894378e-03
[25,] 0.04342333 0.0068694912 0.0085686609 3.427283e-03 0.05658974 0.3437101 0.07014960 0.4541933 5.174115e-03 7.894405e-03
[26,] 0.04342235 0.0068693401 0.0085725944 3.430449e-03 0.05658846 0.3437049 0.07015756 0.4541832 5.176386e-03 7.894774e-03
[27,] 0.04342285 0.0068693260 0.0085762432 3.431822e-03 0.05658785 0.3437049 0.07015692 0.4541781 5.177054e-03 7.894969e-03
[28,] 0.04342251 0.0068695139 0.0085763032 3.432250e-03 0.05658742 0.3437043 0.07015860 0.4541744 5.179699e-03 7.894996e-03
[29,] 0.04342282 0.0068696334 0.0085770411 3.432302e-03 0.05658728 0.3437041 0.07015847 0.4541737 5.179686e-03 7.894985e-03
[30,] 0.04342264 0.0068698514 0.0085799948 3.432488e-03 0.05658700 0.3437028 0.07015878 0.4541715 5.179789e-03 7.895173e-03
[31,] 0.04342267 0.0068698516 0.0085806074 3.432489e-03 0.05658694 0.3437025 0.07015877 0.4541711 5.179840e-03 7.895264e-03
[32,] 0.04342236 0.0068700253 0.0085874429 3.432469e-03 0.05658651 0.3437000 0.07015824 0.4541677 5.179850e-03 7.895366e-03
[33,] 0.04342235 0.0068700192 0.0085882141 3.432492e-03 0.05658643 0.3436996 0.07015816 0.4541673 5.180026e-03 7.895374e-03
[34,] 0.04342223 0.0068700874 0.0085906816 3.432482e-03 0.05658628 0.3436986 0.07015807 0.4541659 5.180219e-03 7.895465e-03
[35,] 0.04342225 0.0068700786 0.0085921521 3.432486e-03 0.05658619 0.3436980 0.07015794 0.4541651 5.180298e-03 7.895511e-03
[36,] 0.04342217 0.0068700682 0.0085934664 3.432491e-03 0.05658610 0.3436975 0.07015789 0.4541643 5.180403e-03 7.895593e-03
[37,] 0.04342220 0.0068700723 0.0085937077 3.432491e-03 0.05658607 0.3436973 0.07015789 0.4541641 5.180560e-03 7.895601e-03
[38,] 0.04342219 0.0068700734 0.0085939490 3.432498e-03 0.05658607 0.3436972 0.07015787 0.4541639 5.180566e-03 7.895639e-03
[39,] 0.04342218 0.0068700715 0.0085941953 3.432529e-03 0.05658604 0.3436971 0.07015793 0.4541637 5.180621e-03 7.895636e-03
[40,] 0.04342217 0.0068700732 0.0085942361 3.432532e-03 0.05658603 0.3436971 0.07015792 0.4541637 5.180620e-03 7.895647e-03
[41,] 0.04342216 0.0068700716 0.0085943537 3.432554e-03 0.05658602 0.3436970 0.07015796 0.4541635 5.180677e-03 7.895649e-03
[42,] 0.04342216 0.0068700719 0.0085943629 3.432556e-03 0.05658601 0.3436970 0.07015798 0.4541635 5.180679e-03 7.895655e-03
[43,] 0.04342215 0.0068700711 0.0085943921 3.432574e-03 0.05658601 0.3436970 0.07015800 0.4541635 5.180683e-03 7.895654e-03
[44,] 0.04342215 0.0068700708 0.0085944041 3.432574e-03 0.05658601 0.3436970 0.07015801 0.4541635 5.180701e-03 7.895655e-03
[45,] 0.04342215 0.0068700717 0.0085944055 3.432580e-03 0.05658600 0.3436970 0.07015801 0.4541634 5.180702e-03 7.895654e-03
[46,] 0.04342215 0.0068700718 0.0085944054 3.432580e-03 0.05658600 0.3436970 0.07015801 0.4541634 5.180703e-03 7.895654e-03
[47,] 0.04342215 0.0068700728 0.0085944058 3.432583e-03 0.05658600 0.3436970 0.07015801 0.4541634 5.180703e-03 7.895655e-03
[48,] 0.04342215 0.0068700727 0.0085944156 3.432584e-03 0.05658600 0.3436970 0.07015801 0.4541634 5.180704e-03 7.895655e-03
[49,] 0.04342215 0.0068700730 0.0085944173 3.432584e-03 0.05658600 0.3436970 0.07015801 0.4541634 5.180704e-03 7.895655e-03
[50,] 0.04342215 0.0068700731 0.0085944268 3.432584e-03 0.05658600 0.3436970 0.07015801 0.4541634 5.180704e-03 7.895656e-03

$Lufthansa
               IAG        Japan   ChinaSouth    ChinaEast        Latam        Delta      United    American Lufthansa AirFranceKLM
 [1,] 0.0002259491 1.514505e-06 0.0003444923 3.942954e-05 2.041058e-06 1.684504e-07 0.003450378 0.001712854 0.9942232 0.000000e+00
 [2,] 0.0004135413 4.285040e-04 0.0003440046 8.109584e-05 1.064094e-04 5.432729e-04 0.004240089 0.001808699 0.9920275 6.915065e-06
 [3,] 0.0005170369 4.739497e-04 0.0011815515 3.328075e-04 1.081938e-04 2.274809e-03 0.011552946 0.004474583 0.9788750 2.090922e-04
 [4,] 0.0014943993 4.714090e-04 0.0011998442 1.124450e-03 3.628123e-04 2.260907e-03 0.014416056 0.006764806 0.9714900 4.152908e-04
 [5,] 0.0022345564 1.490263e-03 0.0031316307 1.117421e-03 1.088437e-03 2.394380e-03 0.014405948 0.006723618 0.9669334 4.803852e-04
 [6,] 0.0022514935 2.643659e-03 0.0032218086 1.117466e-03 1.513714e-03 2.588433e-03 0.014356047 0.006930616 0.9638303 1.546449e-03
 [7,] 0.0041259005 5.147538e-03 0.0035845417 1.407783e-03 1.555820e-03 2.793226e-03 0.016224238 0.006919102 0.9545513 3.690588e-03
 [8,] 0.0046994393 5.172123e-03 0.0063227904 1.407503e-03 1.873189e-03 3.216270e-03 0.022289229 0.007068547 0.9438793 4.071645e-03
 [9,] 0.0132639417 5.126199e-03 0.0063154304 1.470775e-03 2.376803e-03 4.626623e-03 0.022305023 0.007855159 0.9321934 4.466672e-03
[10,] 0.0142093066 5.442155e-03 0.0063303029 1.459201e-03 3.018529e-03 6.988888e-03 0.024118641 0.008691938 0.9248931 4.847958e-03
[11,] 0.0143156654 5.468220e-03 0.0065841436 1.468646e-03 3.059644e-03 7.092470e-03 0.024124732 0.008742945 0.9242368 4.906735e-03
[12,] 0.0143006357 5.462741e-03 0.0072583128 1.477977e-03 3.063428e-03 7.085194e-03 0.024107625 0.008956727 0.9233466 4.940746e-03
[13,] 0.0142988722 5.458960e-03 0.0078567072 1.577020e-03 3.061782e-03 7.082963e-03 0.024092633 0.008976198 0.9226170 4.977823e-03
[14,] 0.0142945022 5.458020e-03 0.0078542353 1.580186e-03 3.071757e-03 7.139361e-03 0.024223101 0.008976317 0.9223538 5.048746e-03
[15,] 0.0142885604 5.455289e-03 0.0080872704 1.582251e-03 3.072617e-03 7.191341e-03 0.024384358 0.008989770 0.9218834 5.065097e-03
[16,] 0.0142953716 5.478977e-03 0.0083995545 1.581628e-03 3.074742e-03 7.229521e-03 0.024425806 0.008986019 0.9214423 5.086039e-03
[17,] 0.0142940325 5.481330e-03 0.0083991663 1.581495e-03 3.105359e-03 7.233912e-03 0.024423822 0.008988103 0.9213875 5.105239e-03
[18,] 0.0142998539 5.505362e-03 0.0084760969 1.582118e-03 3.109250e-03 7.248228e-03 0.024442678 0.008986396 0.9212454 5.104656e-03
[19,] 0.0143014289 5.513420e-03 0.0084837401 1.582448e-03 3.109041e-03 7.247727e-03 0.024450163 0.008998805 0.9212089 5.104353e-03
[20,] 0.0143030109 5.514294e-03 0.0084962670 1.582702e-03 3.110706e-03 7.250754e-03 0.024450468 0.009006350 0.9211812 5.104252e-03
[21,] 0.0143020896 5.513864e-03 0.0085483643 1.584792e-03 3.110517e-03 7.256317e-03 0.024459432 0.009011091 0.9211097 5.103871e-03
[22,] 0.0143047049 5.513003e-03 0.0087144765 1.585228e-03 3.110092e-03 7.258996e-03 0.024458486 0.009015235 0.9209365 5.103291e-03
[23,] 0.0143085816 5.512930e-03 0.0087297607 1.585461e-03 3.110310e-03 7.259158e-03 0.024458382 0.009015794 0.9209161 5.103529e-03
[24,] 0.0143137274 5.512853e-03 0.0087309173 1.585435e-03 3.111992e-03 7.259791e-03 0.024460667 0.009016954 0.9209033 5.104377e-03
[25,] 0.0143168783 5.512770e-03 0.0087307527 1.585443e-03 3.111942e-03 7.262013e-03 0.024464246 0.009019054 0.9208914 5.105468e-03
[26,] 0.0143173891 5.512866e-03 0.0087308813 1.585435e-03 3.112485e-03 7.264071e-03 0.024465000 0.009019273 0.9208871 5.105459e-03
[27,] 0.0143173461 5.513039e-03 0.0087338244 1.586250e-03 3.112470e-03 7.264073e-03 0.024466534 0.009019718 0.9208813 5.105432e-03
[28,] 0.0143172826 5.513120e-03 0.0087368853 1.586483e-03 3.112532e-03 7.264073e-03 0.024466999 0.009019679 0.9208774 5.105563e-03
[29,] 0.0143174362 5.513124e-03 0.0087385654 1.586626e-03 3.112808e-03 7.264048e-03 0.024467380 0.009019733 0.9208747 5.105547e-03
[30,] 0.0143179714 5.513107e-03 0.0087404027 1.586759e-03 3.113153e-03 7.264170e-03 0.024467475 0.009019723 0.9208716 5.105639e-03
[31,] 0.0143181162 5.513123e-03 0.0087406475 1.586901e-03 3.113235e-03 7.264207e-03 0.024467845 0.009020168 0.9208701 5.105654e-03
[32,] 0.0143181604 5.513118e-03 0.0087406994 1.586922e-03 3.113254e-03 7.264386e-03 0.024468130 0.009020281 0.9208694 5.105666e-03
[33,] 0.0143181641 5.513184e-03 0.0087406964 1.586923e-03 3.113266e-03 7.264476e-03 0.024468179 0.009020363 0.9208691 5.105676e-03
[34,] 0.0143181652 5.513215e-03 0.0087407126 1.586940e-03 3.113286e-03 7.264516e-03 0.024468194 0.009020361 0.9208689 5.105723e-03
[35,] 0.0143181671 5.513224e-03 0.0087408433 1.586945e-03 3.113286e-03 7.264516e-03 0.024468211 0.009020368 0.9208687 5.105735e-03
[36,] 0.0143181523 5.513223e-03 0.0087418712 1.586945e-03 3.113295e-03 7.264509e-03 0.024468192 0.009020387 0.9208677 5.105731e-03
[37,] 0.0143181547 5.513228e-03 0.0087421525 1.586950e-03 3.113294e-03 7.264506e-03 0.024468192 0.009020407 0.9208674 5.105731e-03
[38,] 0.0143181641 5.513227e-03 0.0087422214 1.586957e-03 3.113294e-03 7.264505e-03 0.024468216 0.009020414 0.9208673 5.105731e-03
[39,] 0.0143181654 5.513226e-03 0.0087423889 1.586959e-03 3.113294e-03 7.264504e-03 0.024468247 0.009020448 0.9208670 5.105732e-03
[40,] 0.0143181649 5.513227e-03 0.0087425972 1.586958e-03 3.113293e-03 7.264508e-03 0.024468247 0.009020465 0.9208668 5.105731e-03
[41,] 0.0143181644 5.513229e-03 0.0087426495 1.586959e-03 3.113294e-03 7.264508e-03 0.024468246 0.009020471 0.9208667 5.105733e-03
[42,] 0.0143181705 5.513231e-03 0.0087426778 1.586959e-03 3.113294e-03 7.264509e-03 0.024468246 0.009020472 0.9208667 5.105733e-03
[43,] 0.0143181765 5.513231e-03 0.0087427174 1.586962e-03 3.113294e-03 7.264512e-03 0.024468245 0.009020476 0.9208667 5.105733e-03
[44,] 0.0143181789 5.513231e-03 0.0087427196 1.586962e-03 3.113294e-03 7.264513e-03 0.024468247 0.009020480 0.9208666 5.105733e-03
[45,] 0.0143181806 5.513232e-03 0.0087427340 1.586962e-03 3.113294e-03 7.264513e-03 0.024468252 0.009020485 0.9208666 5.105734e-03
[46,] 0.0143181810 5.513232e-03 0.0087427592 1.586964e-03 3.113294e-03 7.264513e-03 0.024468258 0.009020485 0.9208666 5.105734e-03
[47,] 0.0143181809 5.513233e-03 0.0087427738 1.586965e-03 3.113294e-03 7.264513e-03 0.024468260 0.009020485 0.9208666 5.105734e-03
[48,] 0.0143181814 5.513233e-03 0.0087427756 1.586965e-03 3.113294e-03 7.264514e-03 0.024468260 0.009020485 0.9208666 5.105734e-03
[49,] 0.0143181826 5.513233e-03 0.0087427756 1.586965e-03 3.113295e-03 7.264514e-03 0.024468260 0.009020486 0.9208666 5.105734e-03
[50,] 0.0143181832 5.513233e-03 0.0087427762 1.586965e-03 3.113295e-03 7.264515e-03 0.024468261 0.009020487 0.9208666 5.105734e-03

$AirFranceKLM
               IAG        Japan   ChinaSouth    ChinaEast        Latam        Delta       United    American  Lufthansa AirFranceKLM
 [1,] 0.0002438062 0.0008171003 0.0004237298 4.560418e-05 1.865926e-05 0.0002985609 5.045986e-07 0.001693266 0.03196734    0.9644914
 [2,] 0.0003042919 0.0014903465 0.0007919951 2.762895e-03 3.256086e-05 0.0003025943 1.402752e-04 0.002181461 0.06191767    0.9300759
 [3,] 0.0003001647 0.0020631148 0.0013733030 2.746550e-03 3.171239e-05 0.0012830624 3.399443e-04 0.003807551 0.08198601    0.9060686
 [4,] 0.0006339859 0.0024240545 0.0013694310 7.620904e-03 4.915297e-04 0.0012715137 6.100655e-04 0.004937134 0.08105186    0.8995895
 [5,] 0.0007759288 0.0034279433 0.0020472195 7.811366e-03 5.251204e-03 0.0020988772 7.338235e-04 0.006109922 0.08044413    0.8912996
 [6,] 0.0021309635 0.0035204480 0.0021708820 7.910641e-03 5.382289e-03 0.0024901432 2.781504e-03 0.007894205 0.07999857    0.8857204
 [7,] 0.0025376517 0.0051450670 0.0026133109 7.914253e-03 5.571543e-03 0.0028944156 3.710102e-03 0.007868647 0.08014058    0.8816044
 [8,] 0.0026244074 0.0051103515 0.0053959800 7.888044e-03 5.649450e-03 0.0047891782 4.181023e-03 0.009771862 0.07956782    0.8750219
 [9,] 0.0039146030 0.0057310416 0.0055959474 8.324576e-03 5.967699e-03 0.0047800202 4.278064e-03 0.009843989 0.07931250    0.8722516
[10,] 0.0052159349 0.0057117243 0.0056258706 8.300960e-03 6.712030e-03 0.0053542991 4.662134e-03 0.009960261 0.07929891    0.8691579
[11,] 0.0056120393 0.0056985430 0.0071590470 8.287056e-03 6.734194e-03 0.0053704974 4.888626e-03 0.009956511 0.07917799    0.8671155
[12,] 0.0056961656 0.0057139403 0.0074605899 8.293790e-03 6.808705e-03 0.0053817509 4.941072e-03 0.010093199 0.07919697    0.8664138
[13,] 0.0056999081 0.0056926795 0.0108797564 8.292237e-03 6.786397e-03 0.0055356022 4.923081e-03 0.010059306 0.07895114    0.8631799
[14,] 0.0057001254 0.0056960112 0.0109109804 8.313672e-03 6.800870e-03 0.0055685212 4.936681e-03 0.010058023 0.07894191    0.8630732
[15,] 0.0057065130 0.0057016454 0.0110758118 8.315792e-03 6.799717e-03 0.0055774056 4.935680e-03 0.010056539 0.07892885    0.8629020
[16,] 0.0057503205 0.0057031952 0.0110897543 8.313686e-03 6.836191e-03 0.0056422538 4.936406e-03 0.010053956 0.07890892    0.8627653
[17,] 0.0057530941 0.0057074833 0.0110914666 8.316430e-03 6.839439e-03 0.0056859320 4.998351e-03 0.010052218 0.07897637    0.8625792
[18,] 0.0057627576 0.0057073577 0.0113444324 8.335953e-03 6.840738e-03 0.0056878897 4.996692e-03 0.010063833 0.07898983    0.8622705
[19,] 0.0057704097 0.0057088333 0.0113451364 8.336280e-03 6.840171e-03 0.0057337902 4.996406e-03 0.010081832 0.07898668    0.8622005
[20,] 0.0057703358 0.0057084468 0.0113503533 8.336684e-03 6.843690e-03 0.0057338475 4.998501e-03 0.010095442 0.07900526    0.8621574
[21,] 0.0057710947 0.0057099369 0.0113503316 8.339810e-03 6.845510e-03 0.0057520623 5.000719e-03 0.010095745 0.07900297    0.8621318
[22,] 0.0057706179 0.0057095862 0.0113930338 8.345532e-03 6.845002e-03 0.0057613094 5.014500e-03 0.010098928 0.07900368    0.8620578
[23,] 0.0057704609 0.0057109152 0.0114075069 8.346269e-03 6.844893e-03 0.0057621435 5.014821e-03 0.010100717 0.07900688    0.8620354
[24,] 0.0057709912 0.0057108900 0.0114075475 8.346281e-03 6.845110e-03 0.0057634187 5.015168e-03 0.010102179 0.07900926    0.8620292
[25,] 0.0057734989 0.0057108839 0.0114077241 8.346476e-03 6.846055e-03 0.0057641057 5.020987e-03 0.010103012 0.07900839    0.8620189
[26,] 0.0057736771 0.0057110987 0.0114078032 8.346983e-03 6.846367e-03 0.0057665431 5.020974e-03 0.010104702 0.07900867    0.8620132
[27,] 0.0057735824 0.0057109611 0.0114279063 8.346915e-03 6.846230e-03 0.0057690837 5.021090e-03 0.010104708 0.07900739    0.8619921
[28,] 0.0057735790 0.0057118589 0.0114283106 8.346942e-03 6.846215e-03 0.0057693497 5.021086e-03 0.010104819 0.07900756    0.8619903
[29,] 0.0057735979 0.0057118516 0.0114283908 8.347053e-03 6.846226e-03 0.0057693474 5.021516e-03 0.010105050 0.07900751    0.8619895
[30,] 0.0057737584 0.0057118700 0.0114312506 8.347014e-03 6.846201e-03 0.0057693732 5.022425e-03 0.010105015 0.07900768    0.8619854
[31,] 0.0057737339 0.0057118840 0.0114352345 8.347108e-03 6.846344e-03 0.0057697383 5.022513e-03 0.010104975 0.07900730    0.8619812
[32,] 0.0057737276 0.0057118841 0.0114361705 8.347097e-03 6.846335e-03 0.0057698927 5.022543e-03 0.010104962 0.07900736    0.8619800
[33,] 0.0057737661 0.0057119527 0.0114364557 8.347092e-03 6.846342e-03 0.0057700350 5.022581e-03 0.010104984 0.07900733    0.8619795
[34,] 0.0057737696 0.0057119541 0.0114364528 8.347165e-03 6.846341e-03 0.0057700372 5.022639e-03 0.010105132 0.07900732    0.8619792
[35,] 0.0057737676 0.0057119791 0.0114366349 8.347162e-03 6.846351e-03 0.0057700419 5.022668e-03 0.010105128 0.07900739    0.8619789
[36,] 0.0057737666 0.0057119868 0.0114366327 8.347199e-03 6.846350e-03 0.0057701103 5.022724e-03 0.010105139 0.07900738    0.8619787
[37,] 0.0057737648 0.0057119849 0.0114368813 8.347199e-03 6.846353e-03 0.0057701111 5.022738e-03 0.010105155 0.07900737    0.8619784
[38,] 0.0057737648 0.0057119843 0.0114369254 8.347203e-03 6.846353e-03 0.0057701268 5.022754e-03 0.010105154 0.07900738    0.8619784
[39,] 0.0057737654 0.0057119837 0.0114369632 8.347227e-03 6.846356e-03 0.0057701466 5.022805e-03 0.010105153 0.07900737    0.8619782
[40,] 0.0057737706 0.0057119823 0.0114370517 8.347226e-03 6.846354e-03 0.0057701461 5.022810e-03 0.010105177 0.07900744    0.8619780
[41,] 0.0057737718 0.0057119842 0.0114370521 8.347225e-03 6.846354e-03 0.0057701580 5.022811e-03 0.010105177 0.07900744    0.8619780
[42,] 0.0057737743 0.0057119899 0.0114370527 8.347225e-03 6.846355e-03 0.0057701579 5.022812e-03 0.010105189 0.07900744    0.8619780
[43,] 0.0057737749 0.0057119898 0.0114370773 8.347226e-03 6.846356e-03 0.0057701587 5.022812e-03 0.010105190 0.07900744    0.8619780
[44,] 0.0057737756 0.0057119897 0.0114370814 8.347227e-03 6.846356e-03 0.0057701652 5.022817e-03 0.010105190 0.07900743    0.8619780
[45,] 0.0057737755 0.0057119895 0.0114371105 8.347227e-03 6.846356e-03 0.0057701651 5.022817e-03 0.010105189 0.07900743    0.8619779
[46,] 0.0057737755 0.0057119909 0.0114371104 8.347228e-03 6.846356e-03 0.0057701670 5.022817e-03 0.010105189 0.07900743    0.8619779
[47,] 0.0057737759 0.0057119915 0.0114371111 8.347228e-03 6.846356e-03 0.0057701673 5.022821e-03 0.010105189 0.07900743    0.8619779
[48,] 0.0057737762 0.0057119915 0.0114371213 8.347228e-03 6.846356e-03 0.0057701676 5.022821e-03 0.010105190 0.07900743    0.8619779
[49,] 0.0057737762 0.0057119915 0.0114371221 8.347228e-03 6.846356e-03 0.0057701694 5.022821e-03 0.010105189 0.07900743    0.8619779
[50,] 0.0057737762 0.0057119916 0.0114371221 8.347228e-03 6.846356e-03 0.0057701696 5.022821e-03 0.010105190 0.07900743    0.8619779

